acc: 0.6517
 std: 0.0251
accs: [0.65555557 0.67777779 0.66111112 0.6388889  0.63333334 0.60000001
 0.63333336 0.65000002 0.68333335 0.68333334]
