acc: 0.6190
 std: 0.0353
accs: [0.57000001 0.63500001 0.64500001 0.60000001 0.59500001 0.64500001
 0.57500001 0.66500001 0.59       0.67      ]
