acc: 0.4965
 std: 0.0357
accs: [0.46250001 0.48000001 0.56750002 0.49500001 0.54250001 0.44
 0.51000001 0.48000001 0.47750002 0.51000001]
