acc: 0.4648
 std: 0.0505
accs: [0.41       0.52583334 0.50416668 0.44750001 0.47666668 0.47583334
 0.48333335 0.34916667 0.45750001 0.51833334]
